0.0 0.0 0.0
0.636194300770917 -0.7214292061609383 0.1600000000000037
1.5551416236881273 -1.5982431647092632 0.347999999999999
2.4740889478610133 -2.586046232443704 0.4239999999999995
3.4725605586885075 -3.573849299389519 0.5290000000000035
4.497540266323213 -4.5727512773328085 0.661999999999999
5.460667748911541 -5.538356523072301 0.8800000000000026
6.4149592000679165 -6.448467213824423 1.014000000000003
7.342742555672756 -7.425171370561389 1.3089999999999975
8.252853847158013 -8.42407334850468 1.509999999999998
9.118784978972151 -9.389678594244172 1.5559999999999974
9.940535951115173 -10.466272948381153 1.6640000000000015
10.788795018809727 -11.487372748319393 1.8430000000000035
11.716578374414567 -12.419681261066462 1.9840000000000018
12.573673473541078 -13.462978882211024 2.200000000000003
13.483784765026334 -14.517375415141682 2.3980000000000032
14.305535737169352 -15.482980660881175 2.5150000000000006
15.136122742000001 -16.415289173628246 2.642000000000003
15.913693553216229 -17.369795508370263 2.908999999999999
16.647084206017013 -18.29100511011986 3.1370000000000005
17.442327082608497 -19.056829960270694 3.1880000000000024
18.414290597884456 -19.63397332504172 3.243000000000002
19.421598240143897 -20.333204709996338 3.396000000000001
20.393561755419856 -21.05463391615727 3.372
21.250656855802042 -21.887052231504327 3.387999999999998
22.10775195492855 -22.819360744251398 3.573999999999998
22.885322767400453 -23.740570346000993 3.634999999999998
23.72474580366306 -24.606285393551847 3.762999999999998
24.590676935477195 -25.505297174095116 3.942
25.491952194274823 -26.41540786484724 4.173000000000002
26.384391421640498 -27.33661746738546 4.304000000000002
27.267994617574217 -28.15793687173504 4.3969999999999985
28.03672939861417 -29.101344295479585 4.259
29.00869291263445 -30.01145498623171 4.198999999999998
30.086688811372223 -30.799477658377487 4.314999999999998
31.191192806917215 -31.587500329734645 4.430999999999997
32.33987696087765 -32.33112735789053 4.472000000000001
33.585757466867946 -32.96376527686031 4.521000000000001
34.87581813252936 -33.46321626622626 4.454999999999998
36.218894989293844 -33.91827161160232 4.344999999999999
37.55313581462639 -34.19574438338468 4.320999999999998
38.89621267264655 -34.35112913577206 4.285000000000004
40.25696159353062 -34.34003022477459 4.256999999999998
41.61771051567037 -34.19574438338468 4.305
42.94311530831528 -33.95156834459474 4.2989999999999995
44.24201200666432 -33.69629339480734 4.344999999999999
45.53207267232573 -33.452117355228786 4.427999999999997
46.78678920974799 -33.33002933583382 4.421999999999997
48.03266971573828 -33.074754386046415 4.332000000000001
49.17251783826676 -32.55310557547414 3.9810000000000016
50.30352992810761 -32.05365458610818 3.990000000000002
51.505230274426786 -31.59859924073212 4.149999999999999
52.60973426871611 -31.08804934036869 4.2790000000000035
53.731910327125 -30.388817956202697 4.363999999999997
54.82757828998236 -29.656289838255663 4.515000000000001
55.89673815728818 -28.89046498889345 4.746000000000002
57.01891421569707 -28.113541227745145 4.8430000000000035
57.982041698285414 -27.30332073439304 5.032000000000004
58.92749711800983 -26.393210043640916 5.198999999999998
59.75808412158481 -25.361011332705207 5.320999999999998
60.45613064614643 -24.24002133536695 5.4339999999999975
61.145341139276084 -23.0746356940388 5.454000000000001
61.85222369526966 -21.920348963708122 5.535000000000004
62.46190990048904 -20.688369857183755 5.573999999999998
62.939055626695065 -19.43419292945306 5.623000000000005
63.425037384333045 -18.15781817972742 5.817999999999998
63.875675013731865 -16.97023471640432 5.867000000000004
64.3351486758183 -15.782651253869847 5.924000000000007
64.76811424109754 -14.517375415141682 6.087000000000003
65.22758790318397 -13.229901754418568 6.283000000000001
65.70473362813432 -12.053417202092943 6.393000000000001
66.19955141845993 -10.876932650555943 6.521000000000001
66.66786111197833 -9.6338546330341 6.596000000000004
67.11849874137714 -8.279787507114767 6.715999999999994
67.56913637203164 -6.936819292192907 6.974000000000004
68.03744606555003 -5.616048899265994 7.180999999999997
68.56760798285913 -4.317476327545406 7.358000000000004
69.16845815539087 -3.09659613201851 7.588999999999999
69.79581642472984 -1.8313202932903432 7.858000000000004
70.47619088517187 -0.6215390087609218 8.078999999999994
71.19190947385307 0.5882422757684996 8.277000000000001
72.06667663709916 1.6870344519004306 8.391999999999996
72.9502798330329 2.652639697639923 8.352999999999994
73.81621096484703 3.596047121384467 8.451999999999998
74.73515828776424 4.450663257937844 8.424999999999997
75.76013799539895 5.3274772164861695 8.605000000000004
76.7939537344656 6.204291175034494 8.804000000000002
77.77475328117352 6.992313846391651 8.906000000000006
78.69370060534641 7.769237607539961 8.915000000000006
79.74518840727697 8.490666813700898 8.900000000000006
80.83202033870238 9.11220582246182 8.887
81.96303242854322 9.789239385421487 9.013999999999996
83.03219229584904 10.477371859378628 9.0
84.1632043856899 11.209899976537042 9.010000000000005
85.34723266788949 11.842537896295436 9.049000000000007
86.53126095008908 12.364186706867716 9.150999999999996
87.64460097706603 13.019022447832436 9.263999999999996
88.74910497135534 13.740451653993373 9.188000000000002
89.91546118943536 14.328693930550498 9.192999999999998
91.0641453433958 14.939134028313948 9.191000000000003
92.18632140306036 15.516277393084973 8.941000000000003
93.39685778081149 16.093420758644623 8.623000000000005
94.62506622268221 16.592871747221956 8.698999999999998
95.86211069598487 17.03682818238917 8.980999999999995
97.05497501087211 17.425290062569008 9.174000000000007
98.29201948417477 17.802653031751376 9.272999999999996
99.42303157527131 18.25770837791606 9.480999999999995
100.58055176066368 18.61287352510348 9.685000000000002
101.79108813967049 18.834851742687086 9.747
102.86024800572065 18.91254411888078 9.869
103.68199897786367 18.890346296885834 9.985
103.98242406412955 18.87924738588836 9.884
